Sum = 66.600000
Difference = 44.400000
Product = 616.050000
Division = 5.000000
